2.1059
1.0912
1.1642
3.8209
4.8602
2.4407
1.5980
1.3199
3.3712
1.1604
5.7738
2.6270
1.5142
2.2920
2.4778
1.2051
1.1318
2.6801
1.8081
1.3273
1.7732
1.0201
0.7909
1.3248
4.2948
1.4523
1.1332
1.3031
0.8884
1.9675
0.8325
6.0877
1.0776
0.5086
4.8511
2.2227
5.3656
1.4502
5.2282
0.8033
0.6674
0.8602
1.2166
1.5197
2.0721
5.7572
2.4778
4.0793
4.6305
4.4631
2.9050
3.5145
4.8601
1.5456
1.2043
4.7971
2.0496
1.4735
1.6782
4.4494
3.0723
1.2527
3.0277
3.8461
2.3118
0.9943
5.3298
4.0756
5.0382
2.4867
1.2977
7.3567
2.9431
3.4539
4.7353
6.6793
1.6200
1.5205
7.2843
4.4556
2.1339
4.2528
9.2113
2.8489
9.8896
1.9204
10.8161
3.3742
7.4596
2.5995
1.3425
1.6771
1.1605
4.2126
1.9679
2.7090
3.7474
1.1415
4.2047
1.2582
5.2391
1.3972
1.6625
4.6567
1.2696
3.5767
1.4185
6.4384
3.0225
0.7365
2.7717
2.1715
2.9818
3.5043
3.6455
4.4718
1.0553
2.6666
1.1119
2.5804
2.1110
6.9377
1.4557
2.5495
4.2482
1.4106
3.2376
1.5891
5.4797
2.8615
2.0918
1.3247
1.0986
1.6815
1.0556
5.4145
2.0400
2.9760
7.5273
1.8053
1.5275
1.3678
4.4846
0.9650
1.7588
1.0776
1.0824
1.3322
0.8423
3.8579
1.4152
2.9478
1.0668
0.7501
2.0440
2.0752
2.2596
2.5979
2.8184
2.8515
1.5480
1.4404
2.0924
1.8119
3.0338
4.5581
10.8599
1.7995
1.9015
9.2806
8.6806
5.0271
6.9696
2.1544
1.4945
4.0089
15.3538
8.8881
5.8773
4.6782
2.1347
1.9606
1.6537
1.2262
1.1091
3.5598
4.1650
1.8437
1.9400
3.7424
1.1165
3.1892
3.3704
1.1980
3.4125
1.5362
6.0481
2.2211
2.2824
1.7820
1.8740
4.8848
1.4963
2.8236
1.3857
1.6577
3.3264
3.5332
1.0659
2.1552
5.3384
2.4225
4.5155
4.0218
5.1831
6.4315
1.0899
2.7415
1.1213
8.3873
1.0167
0.7287
0.7517
1.1778
1.0228
1.9231
10.2202
1.0502
0.5884
0.5368
3.5686
3.7031
1.7242
9.7928
1.9566
0.8840
0.6948
1.1414
2.8349
1.9295
7.7005
3.6946
3.1413
3.0369
0.7801
1.0488
0.9923
2.9638
3.5326
5.7217
2.1546
3.8665
15.7528
1.9663
4.2698
4.4354
5.5533
2.4014
1.2104
1.7860
1.9991
6.7311
1.7170
3.5533
3.1954
1.2740
1.7573
1.6461
8.4573
1.6952
1.0717
2.2417
1.2230
1.5792
1.0951
8.6061
0.6660
1.4834
1.7758
2.5447
2.4198
0.5883
7.6699
1.6120
3.0787
3.0093
1.7226
1.6046
0.9208
6.9597
2.0963
2.8963
3.9542
2.5767
1.6899
2.9893
7.0548
1.0941
4.9056
2.9642
3.6371
1.6796
1.0853
8.3970
2.7425
4.0704
4.0203
0.5630
1.6225
14.0019
12.2125
1.6546
2.2631
2.9042
1.5842
1.1449
1.0092
11.3693
3.0243
0.9451
2.1492
1.1495
2.5462
2.8775
5.9457
4.0614
1.5117
3.3980
2.3808
2.0029
2.7758
8.1192
1.7341
3.3778
1.3990
2.6997
1.9092
1.7668
7.3069
2.5583
2.4278
3.3136
2.2828
1.8231
2.7243
8.1663
1.9926
2.1319
2.2329
3.2042
12.6020
5.2614
5.2473
3.6639
4.0919
2.2914
2.4696
2.9819
2.8873
3.9179
5.6060
8.8926
2.5663
2.3531
2.4125
1.4193
5.6412
3.4265
2.5739
1.6768
1.0737
1.7488
0.8383
6.3001
2.3862
3.6783
4.7778
1.2309
1.3090
1.4748
9.5908
1.9998
1.2054
1.0562
2.3981
1.3120
0.9926
4.7912
2.0081
4.4256
2.9039
1.4163
1.8931
1.2596
5.9005
1.3507
1.7959
1.7818
1.4662
1.8903
2.0081
4.5795
3.9774
1.5790
1.5336
1.6913
1.0870
2.0658
8.6605
1.6056
4.0733
2.4830
2.0488
2.9670
3.4189
10.7283
17.3843
4.3912
4.7026
1.1238
1.1256
3.0989
4.3013
8.1573
5.1864
3.5105
1.1629
1.5650
1.4662
5.5183
1.6790
4.1573
5.9832
2.0232
1.9646
2.3542
4.4704
2.2804
4.2509
2.1657
5.7643
4.6688
15.6322
10.0885
3.9162
6.3943
4.1341
2.2103
2.4446
3.0842
6.3795
1.9961
2.6118
2.9275
1.9236
2.9956
1.9426
4.9744
6.1047
5.5605
3.1016
1.7160
4.8381
3.1481
4.6178
2.2721
3.5545
2.6002
1.3948
5.0104
3.1002
5.7724
3.9048
4.7122
6.0588
1.5872
11.5622
1.7346
1.2570
3.3072
3.6689
1.4003
1.2850
4.1031
1.1521
2.6348
2.2072
3.7450
1.6015
1.6496
13.8040
2.6533
3.4077
2.0698
1.7014
2.8652
1.5330
5.2527
2.7073
8.1497
1.1841
0.9259
3.5040
0.8990
1.8020
1.4644
4.8201
1.4812
1.5990
1.0307
0.8423
1.3365
1.2927
5.4205
1.2528
0.5917
1.5267
0.9692
5.9944
2.7024
7.2186
1.8688
0.7327
1.6657
0.8708
1.5600
1.3065
6.1877
1.4370
1.0896
4.7720
9.6286
9.4778
0.6870
4.9357
1.5086
5.5126
3.2723
3.6106
1.5291
6.3290
1.8031
4.7291
4.5037
8.0566
2.1217
2.0761
1.2754
1.1670
3.8753
2.1489
0.6254
1.6265
2.1915
1.6250
2.1636
1.8835
1.3581
1.2752
6.5370
11.4660
1.0779
9.9186
2.1376
3.6010
1.2011
2.6099
1.8476
1.4513
5.8937
1.4839
7.4124
4.4043
0.7871
2.3856
1.6211
2.6585
1.5531
2.5043
2.4353
2.3128
1.1427
1.4261
5.4174
2.6065
3.7227
4.2203
2.6412
2.2151
0.9595
6.0981
3.1239
2.0509
1.7940
1.1676
1.5428
11.8881
9.4231
1.7621
1.9789
2.8965
2.1826
1.6217
2.5831
7.0027
1.3610
3.9538
1.0125
0.8108
1.4147
0.8140
7.1308
1.1526
1.9080
4.0763
4.6699
4.4170
1.6238
7.1777
4.2833
1.8199
1.7836
0.9759
1.0669
0.9953
6.7966
2.2622
3.2722
3.4620
1.3201
1.1978
1.1879
8.3780
2.5537
3.3772
2.7400
1.0873
2.3507
1.0885
2.0839
1.6872
3.3851
3.0774
0.9968
2.1250
1.0670
6.3441
4.6553
2.2356
5.7991
2.6170
4.9647
2.0251
10.7466
3.2212
4.3510
3.3594
1.1737
2.5308
2.1852
7.8855
1.2079
0.8453
1.1486
2.2527
1.1256
1.2150
5.7508
0.6341
1.4816
2.8180
2.3314
1.9577
8.1461
15.6316
8.6375
1.1975
1.7743
2.6728
3.0387
1.0766
8.1874
1.8460
2.9779
2.2814
1.6638
1.6856
1.3046
9.2691
2.2491
0.9664
2.1944
2.9941
1.6930
1.1854
3.0712
2.6893
2.0872
5.4298
1.2912
1.0324
1.4788
7.6768
1.5829
4.3178
1.1508
2.7200
1.5183
1.5424
7.0511
2.7975
2.6479
3.6534
3.2420
2.7076
0.9178
4.4041
4.8192
3.8918
4.6414
2.2921
3.1778
1.4343
4.4742
4.2601
1.9268
11.8432
5.6495
3.1493
1.3062
5.2299
5.1711
1.9072
2.8669
1.9452
2.7744
1.8801
7.4215
1.8305
1.2402
2.2408
1.6626
2.9233
0.9547
5.0354
2.1593
1.0573
1.1072
1.2464
0.8802
1.0361
4.2487
1.4919
1.1394
4.6214
1.1251
0.8158
1.8641
1.5048
5.0506
1.5807
5.3760
1.5171
1.5173
1.0996
5.7172
3.6231
1.5537
0.8732
1.5247
1.7073
1.4411
3.9281
1.0904
4.7695
4.1756
1.0734
1.3865
4.5989
8.3645
10.2363
11.9927
1.9751
1.2616
1.5389
1.3231
6.1641
1.1978
5.8777
4.1894
8.7055
7.1945
21.5200
13.9119
12.3622
10.6764
1.7729
1.2502
1.7817
1.6705
5.0203
3.6423
4.8386
3.9541
0.8670
1.9262
1.2899
6.8744
1.1590
5.1203
3.8855
1.2425
2.1401
2.9143
6.3055
7.8300
3.4659
3.2603
0.9180
3.5730
3.3364
5.0133
2.6033
5.0178
1.5040
2.0000
2.7175
1.4267
8.6224
1.6667
3.7655
2.4515
1.0904
3.3836
2.2908
4.9328
5.5121
5.9444
0.8111
0.8512
1.4822
4.0928
1.7757
2.3122
2.7065
1.0800
1.1976
0.9266
1.4044
7.3375
1.2783
4.5793
1.7255
0.8960
1.7826
1.4233
5.6235
2.7150
0.8853
1.0216
2.1983
1.6171
1.7630
4.0995
4.5595
1.5133
1.2990
0.6275
5.3667
1.3738
3.5109
1.3086
2.8688
1.9115
2.3500
1.1690
1.8861
7.9011
2.9318
0.9895
1.1475
0.6203
1.7080
0.9596
5.1002
1.2820
3.7617
3.9235
1.3581
2.2096
0.8274
6.5034
2.1510
2.8758
1.1692
3.6097
8.5703
6.0723
2.8846
2.0819
4.4983
5.0911
4.5063
4.1254
2.6375
5.3026
1.9241
3.0449
10.6990
4.6523
2.0226
1.4903
1.8322
2.2246
2.7500
4.3128
1.7064
1.2944
1.6569
5.0097
2.8577
0.8016
0.6713
4.6332
1.2366
2.5135
6.5969
8.9246
2.6770
2.7243
1.5975
0.7055
1.1262
5.7790
1.4368
1.5550
1.4804
1.0560
1.4532
1.1090
6.5554
1.2202
4.5070
1.6997
0.8995
5.7748
2.2869
4.2481
2.5619
1.8097
2.7563
1.4451
0.8614
1.1765
9.8404
1.1483
1.9734
3.7321
1.7354
1.7045
10.3539
12.7246
10.3843
1.7165
1.4007
2.5791
1.4114
2.7986
6.9601
2.0294
1.6975
3.4626
1.1299
0.9194
1.3515
10.6864
0.9893
1.0825
0.7060
0.9311
1.2480
19.6577
15.0866
2.6238
2.4781
0.9107
1.4828
0.7990
1.5143
3.5642
4.1959
6.7869
3.9086
2.2982
0.9756
1.4447
6.4461
1.4494
5.8253
3.6418
