0.0933
0.1079
0.0728
0.1531
0.8769
0.6586
0.1306
0.1224
0.2032
0.1717
0.7271
0.1433
0.7528
0.1336
0.0946
0.0913
0.1485
0.0675
0.1504
0.0770
0.0845
0.1942
0.0830
0.2559
0.1563
0.1760
0.1413
0.0820
0.0951
0.1345
0.1153
1.0280
0.0897
0.0906
0.1768
0.1628
0.6040
0.1308
0.0897
0.1391
0.1361
0.0637
0.1581
0.1852
0.4770
1.1140
0.1042
0.1048
0.0809
0.1589
0.5384
0.5116
0.0702
0.1179
0.1708
0.1417
0.1108
0.1386
0.4394
0.0695
0.8112
0.0655
0.1584
0.2001
0.6971
0.1998
0.9188
0.1343
0.1320
1.0451
0.2402
0.1499
0.1947
0.1229
0.0821
0.9847
0.1753
0.1372
0.1726
0.1743
0.1213
0.0831
0.2779
0.2947
0.3004
1.1801
1.3291
0.5113
1.5889
0.6257
0.2323
0.1883
0.1382
0.1825
0.1483
0.1451
1.0936
0.2445
0.2069
0.1394
0.3204
0.3363
0.1914
0.3282
0.0869
0.7673
0.1485
1.2520
0.9544
0.1308
0.1286
0.2239
0.2588
0.1582
0.1682
1.0698
0.1344
0.0977
0.1546
0.2415
0.1226
0.2062
0.2346
0.3665
0.1867
0.0763
0.3416
0.1711
0.1452
0.1065
0.1064
0.1276
0.1107
0.3543
0.1403
0.1814
0.1347
0.1352
0.0528
0.1622
0.1243
0.1235
1.0960
0.1002
0.0990
0.0990
0.1105
0.2345
0.1252
0.3085
0.1799
0.0902
0.2202
0.1569
0.2128
0.1270
0.1995
0.9238
0.1547
0.1786
0.1649
0.1173
0.2668
0.1296
0.3006
0.1488
1.3096
0.3438
0.3361
0.2328
0.4960
0.4089
0.7681
0.6949
0.1478
0.5042
0.2421
0.6125
0.4016
0.4515
0.9405
0.1664
0.3927
0.1907
0.7459
0.2099
0.2044
0.0974
0.1122
0.1842
0.2816
0.1085
0.0674
0.1677
1.1861
1.3214
1.3629
0.1344
0.1102
0.0976
0.1390
0.1369
0.1669
0.3751
0.1334
0.0782
0.0861
0.0656
0.1047
0.3496
0.1810
0.1747
0.1517
0.0995
0.0680
0.0675
0.0807
0.2196
0.1665
0.1203
0.0988
0.0987
0.0652
0.1484
0.2391
0.1771
0.0774
0.0819
0.1120
0.1065
0.1989
0.4243
0.1814
0.0778
0.1563
0.1676
0.0877
0.1237
0.2326
0.2650
0.1076
0.0786
0.9839
0.0716
0.1646
0.1709
0.2101
0.1062
0.0994
0.0998
0.2141
0.3250
1.1182
0.1431
0.5064
0.6895
0.9421
1.5527
0.1823
0.1752
0.1528
1.0792
0.0941
0.0714
0.0935
0.1159
0.1464
0.2024
1.0883
0.9476
0.1026
0.1582
0.1293
0.1819
0.1666
0.1840
0.1432
0.2279
0.0681
0.2538
0.2182
0.2467
1.2043
0.2360
0.0685
0.2684
0.2622
0.1449
0.1159
0.2040
0.8141
0.7800
0.9679
0.3436
0.9944
0.2711
1.0187
0.8983
0.1477
0.3272
0.3959
0.3905
0.3199
0.8002
0.3431
0.4318
0.1692
0.3296
0.1841
0.5269
2.2696
0.3079
0.2675
0.2610
0.1570
0.2489
0.1592
1.2321
0.1247
0.1258
0.1660
0.0817
0.1850
0.2044
0.2624
1.0571
0.3086
0.2554
0.3063
0.1229
0.5328
0.3077
0.1942
0.1424
0.0743
0.1201
0.2281
0.2747
0.2961
0.1848
0.1910
0.0622
0.1460
0.2344
0.2346
0.9426
0.1783
0.1597
0.0738
0.1206
0.1992
0.2277
0.9223
0.2818
0.8464
0.2646
0.4449
0.1881
0.1767
0.8248
0.2306
1.7576
0.5383
0.1962
0.1059
0.0741
0.6017
0.1624
0.1725
0.0772
0.2580
0.1691
0.1514
0.0652
0.1620
0.2155
0.2090
0.1377
0.1062
0.0745
0.8319
0.2106
0.3641
0.1355
0.1531
0.1095
0.1564
0.0647
0.3376
0.3034
0.1388
0.1899
0.1272
0.1242
1.0078
0.1102
0.1250
0.3165
0.2584
0.0769
0.1157
0.1474
0.6909
0.1041
0.3243
0.1561
0.1094
0.0827
1.0838
0.1051
0.0903
0.0746
0.2077
0.2675
0.2499
0.2970
2.2275
0.1086
0.1025
0.1673
0.1902
0.3218
0.0852
1.2084
0.7595
0.1101
0.1158
0.1410
0.1925
0.8689
0.1747
0.1015
0.2256
0.1634
0.6832
0.1771
0.7479
0.2381
0.2890
0.1880
0.3260
0.4839
0.3378
0.5168
0.1721
1.4250
0.1134
0.2104
0.1197
0.3276
0.1232
0.3640
0.5514
0.1760
0.1776
0.2473
0.4188
0.6913
0.8898
0.4371
0.3760
0.1532
0.1884
0.3464
0.8537
0.1282
0.1955
0.1554
0.1212
0.1213
0.2595
1.1861
0.1674
0.1526
0.2049
0.2145
0.2074
0.1403
0.1181
0.1384
0.2049
0.1997
0.0765
0.2329
0.1555
0.2973
0.1981
0.1189
0.2906
0.1370
0.0939
0.2643
0.1993
0.7445
0.2881
0.7376
0.1876
0.2122
0.3113
0.8312
0.0907
0.0904
0.4201
0.1604
0.2062
0.1285
0.1486
0.1579
0.2813
0.1262
0.1770
0.1493
0.3428
0.8399
0.1817
0.1253
0.1242
0.1583
0.2687
0.1729
0.2472
0.1014
0.1020
0.0625
0.3810
0.1470
0.1393
0.1536
0.1743
0.1567
0.3105
0.6482
1.1228
0.2306
0.4360
1.0526
0.2730
0.8312
0.6440
0.2422
0.3323
0.5386
0.3163
0.1950
1.1111
0.1706
1.0014
0.1073
0.2174
0.1280
0.2222
0.1036
0.1399
0.1972
0.1059
0.3836
0.1219
0.1210
0.1016
0.1365
1.4367
0.2901
1.2809
0.1228
1.0896
0.1294
0.2248
0.3193
0.1968
0.1795
0.2412
0.1668
0.1701
0.2306
0.3612
0.1788
0.1485
0.0906
0.2092
0.1236
0.2244
0.1822
0.1764
0.1479
0.0897
0.1630
0.1602
0.2237
0.2381
0.2531
0.2210
0.7305
0.1641
0.1000
0.1274
0.1606
2.3862
0.2444
0.2131
0.0886
0.0876
0.1522
0.1383
0.2935
0.3818
0.1406
0.9723
0.0788
0.1052
0.0954
0.0890
0.0950
0.0830
0.1468
1.2384
1.3143
0.5680
0.1456
0.1024
0.1167
0.2309
0.0877
0.0899
0.1171
0.1014
1.0953
0.1576
0.0879
0.1947
0.0911
0.1390
0.1400
0.1884
0.1022
0.1006
0.1988
0.1719
0.2122
0.1045
0.1871
0.1784
0.1250
0.1744
0.1291
0.1775
0.2430
0.8588
0.1969
0.4147
0.3938
0.3096
0.4217
0.2322
1.4770
0.1472
0.1444
0.0783
0.1520
0.1500
0.2826
1.1125
0.1559
0.1525
0.3056
0.2988
0.1442
0.0924
1.0840
0.1512
0.1483
0.0662
0.2315
0.1839
2.1665
1.4097
0.3574
0.6548
0.9596
0.0956
0.5072
0.2101
1.0029
0.2010
1.3365
0.1448
0.1443
0.1726
0.1538
1.0039
0.1352
0.1352
0.1552
0.1750
0.2666
0.1319
0.5953
0.4759
0.1432
0.1161
0.0856
0.2381
0.1163
0.2064
0.2234
0.0948
0.1409
0.2242
0.3595
0.1520
1.1463
0.1403
0.1401
0.1462
0.7213
0.0939
0.1592
0.8258
0.9416
0.6810
0.1837
0.2040
0.3300
0.3574
0.1547
1.1733
0.3016
1.4925
0.7908
0.0948
0.0866
0.2696
0.2052
0.2514
0.2426
0.1970
0.1485
0.3036
0.1864
0.0922
0.1412
0.1528
0.1963
0.2330
0.1040
0.0981
0.1742
0.1777
0.2208
0.1137
0.1392
0.1896
0.0975
0.1383
0.0943
0.0689
0.1700
0.0826
0.1451
0.8415
0.1732
0.0953
0.1689
0.1131
0.0951
0.1019
0.0981
1.0205
0.3480
0.1062
0.1061
0.1710
0.1165
1.1448
0.1363
0.0928
0.1233
0.1483
0.1560
0.2240
1.6128
0.2863
0.9467
0.1257
0.3180
0.1044
0.2078
0.0847
0.0969
1.2901
0.3313
0.3391
0.5483
0.3524
0.1977
0.1768
1.5535
0.5031
0.1887
0.1050
0.1976
0.8519
0.9375
0.1403
0.1031
0.1080
0.2573
0.1704
1.3886
0.1767
0.1736
0.1112
0.1348
0.1677
0.3857
0.9655
0.1905
0.8784
0.1542
0.2895
0.3794
0.2611
0.2657
0.2465
0.9073
0.7882
0.2096
0.3324
0.1322
0.1614
0.1503
0.2100
0.1223
0.1213
0.3186
0.1295
0.3181
0.1668
0.2189
0.2509
0.1256
0.2231
0.3154
0.6498
0.9185
0.1230
0.0980
0.1080
0.2694
0.1345
0.1485
0.1324
0.1447
0.1881
0.0803
0.1564
0.2011
0.1476
0.1918
0.3822
0.9057
0.1460
0.1262
0.0913
0.8356
0.2425
0.8806
0.2936
0.1609
0.3501
0.2756
0.1854
0.1329
0.1390
0.0820
0.2542
0.2327
0.1808
0.1732
0.1418
0.0824
0.1723
0.2382
0.1235
0.0903
0.2058
0.1481
0.1587
0.0655
0.1383
0.1828
0.1730
0.2145
0.1638
1.1038
0.2958
0.1850
2.3026
0.3993
0.5919
0.4444
1.1043
0.3583
0.4762
0.7608
0.1481
0.6379
0.5209
0.3084
0.3674
0.6120
0.2718
0.1351
0.2119
0.3762
0.1003
0.0999
0.0967
0.9768
0.2196
0.1427
0.1172
0.0713
0.1598
0.4703
0.2357
0.2301
0.8531
1.3893
0.1672
0.1170
0.3368
0.1712
0.2188
0.7642
0.1842
0.1565
0.1179
0.1935
0.1228
0.1366
0.3630
0.1751
0.1411
0.1000
0.1349
0.1851
0.1675
0.6898
0.1617
0.1648
0.0893
0.1257
0.2545
0.2038
0.1522
0.1664
0.1308
0.1626
0.4298
0.1785
0.5365
0.4227
1.4627
0.1675
0.1640
0.1302
0.1357
0.3114
0.1014
0.1025
0.1933
0.1738
0.1048
0.0958
0.0898
0.1241
0.1035
0.1023
0.1501
0.1230
0.1011
0.5230
0.4035
0.0904
1.5059
0.0906
0.1262
0.1578
0.0976
1.2959
0.9330
0.1722
0.1764
0.2991
0.1162
0.2535
0.1923
0.1713
0.2016
0.2667
